013 
050 
079 
045 
039 
038 
004 
022 
023 
049 
044 
011 
077 
068 
071 
041 
055 
052 
064 
070 
076 
065 
048 
053 
043 
020 
016 
028 
090 
047 
057 
072 
054 
009 
078 
015 
084 
018 
081 
056 
074 
037 
003 
040 
019 
080 
025 
059 
042 
187 
252 
322 
342 
258 
248 
188 
332 
255 
208 
229 
242 
211 
346 
186 
309 
347 
179 
341 
321 
239 
261 
237 
183 
254 
238 
189 
259 
330 
316 
181 
256 
223 
250 
244 
178 
213 
219 
182 
227 
337 
221 
263 
345 
226 
328 
192 
204 
327 
240 
197 
222 
251 
312 
184 
333 
314 
349 
180 
216 
224 
203 
348 
336 
235 
265 
465 
466 
399 
377 
476 
488 
478 
369 
481 
462 
460 
472 
473 
457 
374 
483 
492 
391 
370 
489 
352 
373 
361 
389 
383 
486 
358 
453 
452 
471 
497 
385 
386 
495 
350 
491 
381 
459 
353 
398 
477 
475 
499 
362 
493 
371 
496 
378 
388 
467 
463 
384 
474 
487 
494 
596 
606 
609 
550 
632 
639 
569 
601 
623 
608 
637 
575 
579 
618 
647 
568 
642 
597 
552 
628 
563 
641 
595 
574 
559 
602 
554 
631 
603 
561 
636 
566 
565 
604 
585 
567 
584 
589 
572 
553 
573 
617 
638 
578 
649 
558 
619 
605 
592 
610 
611 
775 
757 
792 
758 
782 
809 
819 
755 
822 
812 
817 
773 
804 
825 
797 
818 
756 
800 
781 
780 
816 
827 
760 
813 
765 
802 
791 
772 
786 
777 
789 
774 
783 
807 
831 
770 
778 
752 
826 
810 
