164 
074 
169 
093 
152 
154 
028 
083 
153 
054 
049 
085 
173 
141 
143 
044 
027 
032 
130 
080 
165 
129 
079 
108 
106 
041 
010 
056 
048 
110 
020 
015 
126 
139 
120 
012 
104 
122 
142 
158 
113 
092 
103 
073 
160 
125 
112 
008 
175 
111 
100 
147 
051 
053 
170 
077 
089 
082 
159 
168 
076 
003 
025 
136 
171 
033 
035 
156 
138 
086 
055 
150 
047 
151 
017 
114 
062 
019 
097 
105 
021 
176 
101 
026 
050 
006 
039 
002 
045 
204 
302 
306 
201 
301 
258 
243 
281 
268 
184 
179 
219 
342 
287 
294 
310 
322 
300 
321 
252 
183 
317 
315 
304 
182 
220 
221 
180 
191 
247 
347 
308 
185 
195 
262 
261 
264 
341 
259 
238 
324 
245 
275 
299 
209 
271 
345 
249 
325 
178 
272 
203 
188 
277 
213 
196 
314 
330 
253 
311 
248 
256 
225 
265 
237 
274 
194 
215 
296 
305 
328 
348 
338 
205 
223 
200 
318 
303 
286 
336 
290 
187 
251 
333 
260 
269 
534 
362 
476 
392 
353 
388 
535 
382 
391 
439 
533 
418 
376 
412 
468 
436 
491 
471 
519 
528 
411 
459 
517 
543 
454 
537 
465 
398 
357 
548 
513 
540 
526 
496 
494 
417 
530 
470 
420 
406 
518 
409 
356 
422 
364 
501 
481 
449 
466 
522 
427 
430 
455 
489 
498 
456 
452 
359 
542 
508 
421 
474 
414 
399 
437 
463 
375 
355 
395 
438 
467 
389 
372 
433 
462 
524 
368 
397 
509 
386 
482 
377 
393 
450 
380 
407 
367 
514 
434 
488 
507 
431 
429 
366 
460 
546 
373 
443 
408 
504 
683 
707 
722 
742 
743 
703 
622 
641 
680 
590 
740 
721 
609 
732 
672 
649 
570 
684 
619 
627 
671 
655 
584 
663 
556 
748 
552 
715 
658 
606 
682 
708 
739 
642 
712 
717 
615 
656 
588 
662 
573 
697 
651 
738 
616 
686 
580 
613 
576 
625 
565 
744 
618 
568 
749 
699 
701 
575 
668 
679 
687 
572 
591 
664 
654 
691 
598 
628 
673 
574 
569 
605 
736 
659 
709 
593 
657 
617 
688 
729 
562 
603 
550 
620 
714 
587 
670 
650 
637 
555 
747 
677 
644 
734 
692 
737 
694 
557 
589 
579 
795 
816 
896 
835 
762 
800 
766 
826 
796 
767 
827 
780 
832 
758 
904 
862 
878 
839 
898 
775 
777 
863 
861 
897 
754 
757 
750 
845 
901 
879 
772 
844 
899 
761 
833 
817 
760 
842 
805 
810 
871 
891 
840 
788 
778 
821 
887 
769 
763 
764 
785 
857 
798 
815 
888 
768 
885 
802 
783 
867 
787 
837 
797 
779 
828 
790 
819 
881 
894 
755 
781 
804 
895 
892 
860 
765 
889 
811 
