164 
169 
093 
152 
154 
153 
173 
141 
143 
130 
165 
129 
108 
106 
110 
126 
139 
120 
104 
122 
142 
158 
113 
092 
103 
160 
125 
112 
175 
111 
100 
147 
170 
159 
168 
136 
171 
156 
138 
150 
151 
114 
097 
105 
176 
101 
302 
306 
301 
281 
268 
287 
294 
300 
304 
308 
275 
299 
271 
272 
277 
274 
296 
305 
303 
286 
290 
269 
534 
535 
439 
533 
418 
412 
436 
519 
528 
411 
517 
543 
537 
548 
513 
540 
526 
417 
530 
420 
406 
518 
409 
422 
501 
449 
522 
427 
430 
542 
508 
421 
414 
437 
438 
433 
524 
509 
407 
514 
434 
507 
431 
429 
546 
443 
408 
504 
683 
707 
722 
742 
743 
703 
680 
740 
721 
732 
672 
684 
671 
655 
663 
748 
715 
658 
682 
708 
739 
712 
717 
656 
662 
697 
651 
738 
686 
744 
749 
699 
701 
668 
679 
687 
664 
654 
691 
673 
736 
659 
709 
657 
688 
729 
714 
670 
650 
747 
677 
734 
692 
737 
694 
896 
835 
904 
862 
878 
839 
898 
863 
861 
897 
845 
901 
879 
844 
899 
833 
842 
871 
891 
840 
887 
857 
888 
885 
867 
837 
881 
894 
895 
892 
860 
889 
