147 
171 
139 
164 
176 
132 
148 
127 
150 
165 
091 
102 
157 
143 
159 
151 
153 
172 
112 
170 
118 
155 
138 
140 
107 
126 
137 
105 
133 
122 
145 
106 
095 
154 
128 
168 
146 
111 
156 
101 
272 
281 
293 
267 
278 
284 
268 
301 
270 
308 
282 
273 
269 
292 
276 
277 
287 
274 
299 
271 
518 
428 
509 
423 
425 
524 
449 
546 
411 
401 
430 
517 
521 
435 
408 
549 
544 
438 
402 
504 
419 
537 
506 
427 
441 
516 
522 
503 
418 
403 
412 
446 
404 
502 
525 
542 
434 
508 
527 
512 
409 
531 
426 
532 
540 
669 
676 
711 
683 
685 
652 
664 
693 
747 
653 
748 
667 
743 
735 
744 
658 
713 
696 
695 
660 
657 
691 
729 
734 
724 
689 
686 
718 
722 
698 
708 
670 
710 
671 
723 
707 
712 
662 
692 
715 
655 
736 
650 
739 
697 
688 
682 
656 
659 
894 
842 
843 
892 
872 
902 
890 
881 
841 
849 
891 
852 
895 
880 
869 
897 
857 
862 
893 
874 
860 
850 
861 
903 
844 
864 
839 
851 
883 
886 
896 
859 
888 
840 
899 
877 
835 
885 
