079 
015 
018 
102 
141 
028 
121 
109 
003 
067 
091 
144 
034 
134 
124 
057 
099 
143 
082 
108 
064 
090 
110 
168 
153 
175 
098 
084 
040 
039 
077 
129 
044 
173 
157 
120 
033 
171 
052 
031 
024 
088 
113 
096 
101 
083 
053 
170 
177 
060 
140 
055 
114 
127 
139 
069 
011 
074 
008 
049 
116 
071 
027 
001 
059 
054 
045 
029 
007 
159 
005 
056 
156 
115 
151 
160 
014 
131 
125 
087 
155 
136 
047 
021 
041 
092 
085 
006 
075 
211 
258 
251 
338 
344 
294 
257 
189 
276 
205 
222 
289 
315 
208 
328 
242 
288 
307 
297 
330 
323 
181 
231 
241 
335 
191 
271 
259 
268 
293 
228 
218 
311 
201 
347 
269 
227 
280 
187 
209 
225 
197 
250 
267 
349 
285 
326 
199 
345 
295 
221 
188 
287 
206 
331 
309 
253 
219 
275 
301 
226 
314 
298 
346 
243 
235 
190 
254 
304 
310 
204 
245 
291 
180 
244 
216 
325 
232 
238 
336 
327 
313 
337 
322 
282 
255 
489 
382 
432 
468 
396 
401 
406 
350 
388 
478 
537 
373 
457 
415 
455 
443 
428 
533 
500 
466 
405 
439 
433 
409 
490 
407 
517 
352 
358 
450 
518 
525 
447 
400 
384 
381 
367 
369 
354 
505 
442 
365 
511 
372 
491 
481 
444 
516 
361 
528 
412 
498 
357 
495 
503 
482 
460 
524 
492 
520 
355 
377 
356 
534 
521 
434 
526 
414 
391 
446 
510 
535 
544 
379 
423 
522 
494 
470 
453 
504 
385 
397 
403 
370 
368 
471 
452 
380 
424 
486 
474 
420 
527 
425 
549 
366 
496 
509 
383 
523 
659 
732 
615 
593 
661 
645 
742 
583 
705 
641 
682 
564 
709 
642 
658 
676 
724 
748 
674 
601 
678 
627 
668 
672 
691 
617 
649 
730 
597 
584 
677 
612 
585 
603 
662 
704 
702 
580 
741 
648 
693 
726 
722 
565 
736 
665 
737 
696 
605 
616 
640 
562 
651 
715 
633 
711 
643 
655 
729 
637 
681 
733 
718 
576 
735 
625 
609 
690 
602 
749 
656 
630 
673 
731 
650 
570 
719 
568 
594 
688 
713 
708 
725 
657 
579 
591 
636 
740 
571 
746 
680 
721 
639 
592 
559 
744 
569 
728 
572 
621 
789 
898 
887 
817 
771 
876 
788 
883 
902 
768 
873 
816 
825 
778 
839 
870 
805 
866 
854 
878 
843 
773 
849 
848 
865 
769 
797 
830 
777 
803 
815 
872 
757 
885 
791 
774 
786 
761 
809 
800 
792 
765 
852 
857 
838 
874 
802 
818 
762 
888 
880 
886 
753 
755 
821 
845 
889 
756 
863 
780 
787 
851 
776 
837 
796 
890 
864 
827 
764 
759 
892 
781 
871 
770 
763 
751 
834 
793 
