102 
141 
121 
109 
091 
144 
134 
124 
099 
143 
108 
110 
168 
153 
175 
098 
129 
173 
157 
120 
171 
113 
096 
101 
170 
177 
140 
114 
127 
139 
116 
159 
156 
115 
151 
160 
131 
125 
155 
136 
092 
294 
276 
289 
288 
307 
297 
271 
268 
293 
269 
280 
267 
285 
295 
287 
275 
301 
298 
304 
291 
282 
432 
401 
406 
537 
415 
443 
428 
533 
500 
405 
439 
433 
409 
407 
517 
518 
525 
447 
400 
505 
442 
511 
444 
516 
528 
412 
503 
524 
520 
534 
521 
434 
526 
414 
446 
510 
535 
544 
423 
522 
504 
403 
424 
420 
527 
425 
549 
509 
523 
659 
732 
661 
742 
705 
682 
709 
658 
676 
724 
748 
674 
678 
668 
672 
691 
730 
677 
662 
704 
702 
741 
693 
726 
722 
736 
665 
737 
696 
651 
715 
711 
655 
729 
681 
733 
718 
735 
690 
749 
656 
673 
731 
650 
719 
688 
713 
708 
725 
657 
740 
746 
680 
721 
744 
728 
898 
887 
876 
883 
902 
873 
839 
870 
866 
854 
878 
843 
849 
848 
865 
872 
885 
852 
857 
838 
874 
888 
880 
886 
845 
889 
863 
851 
837 
890 
864 
892 
871 
834 
