108 
112 
153 
147 
136 
111 
125 
167 
154 
094 
121 
105 
159 
129 
149 
165 
173 
164 
127 
162 
109 
151 
170 
130 
144 
166 
134 
175 
100 
139 
143 
117 
171 
110 
135 
176 
177 
097 
095 
092 
124 
296 
284 
269 
281 
280 
271 
274 
272 
270 
277 
298 
307 
276 
305 
294 
268 
308 
282 
275 
288 
273 
511 
424 
418 
514 
512 
541 
434 
426 
447 
519 
444 
508 
549 
433 
520 
501 
542 
410 
446 
422 
534 
429 
521 
407 
506 
544 
442 
430 
513 
539 
440 
526 
435 
437 
438 
524 
536 
527 
423 
504 
510 
502 
449 
517 
503 
518 
528 
548 
436 
530 
538 
406 
665 
656 
705 
662 
718 
693 
744 
658 
715 
702 
679 
653 
730 
704 
675 
650 
686 
728 
709 
712 
722 
723 
680 
738 
724 
710 
703 
682 
726 
678 
689 
684 
706 
700 
676 
736 
673 
668 
677 
667 
720 
696 
666 
721 
731 
672 
652 
747 
717 
681 
877 
896 
852 
842 
872 
859 
891 
905 
837 
846 
835 
855 
871 
873 
901 
870 
898 
876 
857 
854 
839 
888 
868 
867 
882 
899 
887 
858 
836 
890 
841 
838 
885 
886 
864 
904 
