079 
015 
018 
028 
003 
067 
034 
057 
082 
064 
090 
084 
040 
039 
077 
044 
033 
052 
031 
024 
088 
083 
053 
060 
055 
069 
011 
074 
008 
049 
071 
027 
001 
059 
054 
045 
029 
007 
005 
056 
014 
087 
047 
021 
041 
085 
006 
075 
211 
258 
251 
338 
344 
257 
189 
205 
222 
315 
208 
328 
242 
330 
323 
181 
231 
241 
335 
191 
259 
228 
218 
311 
201 
347 
227 
187 
209 
225 
197 
250 
349 
326 
199 
345 
221 
188 
206 
331 
309 
253 
219 
226 
314 
346 
243 
235 
190 
254 
310 
204 
245 
180 
244 
216 
325 
232 
238 
336 
327 
313 
337 
322 
255 
489 
382 
468 
396 
350 
388 
478 
373 
457 
455 
466 
490 
352 
358 
450 
384 
381 
367 
369 
354 
365 
372 
491 
481 
361 
498 
357 
495 
482 
460 
492 
355 
377 
356 
391 
379 
494 
470 
453 
385 
397 
370 
368 
471 
452 
380 
486 
474 
366 
496 
383 
615 
593 
645 
583 
641 
564 
642 
601 
627 
617 
649 
597 
584 
612 
585 
603 
580 
648 
565 
605 
616 
640 
562 
633 
643 
637 
576 
625 
609 
602 
630 
570 
568 
594 
579 
591 
636 
571 
639 
592 
559 
569 
572 
621 
789 
817 
771 
788 
768 
816 
825 
778 
805 
773 
769 
797 
830 
777 
803 
815 
757 
791 
774 
786 
761 
809 
800 
792 
765 
802 
818 
762 
753 
755 
821 
756 
780 
787 
776 
796 
827 
764 
759 
781 
770 
763 
751 
793 
