023 
101 
076 
130 
037 
167 
020 
048 
054 
062 
100 
056 
049 
147 
073 
143 
118 
134 
160 
158 
171 
092 
116 
086 
035 
151 
039 
074 
029 
064 
098 
040 
164 
155 
010 
166 
038 
154 
168 
013 
081 
085 
005 
115 
018 
071 
093 
072 
070 
161 
125 
128 
079 
082 
165 
103 
127 
043 
009 
099 
026 
006 
131 
024 
124 
146 
069 
169 
150 
047 
120 
068 
105 
012 
011 
067 
025 
136 
032 
080 
111 
137 
122 
119 
159 
123 
106 
007 
121 
235 
300 
205 
308 
178 
299 
336 
306 
195 
295 
203 
305 
180 
184 
242 
253 
346 
331 
342 
239 
285 
347 
237 
271 
193 
275 
246 
208 
192 
230 
345 
337 
212 
222 
340 
315 
333 
327 
199 
349 
224 
252 
292 
251 
323 
260 
190 
183 
316 
318 
187 
277 
191 
321 
286 
185 
291 
217 
269 
289 
319 
209 
201 
238 
310 
313 
276 
314 
182 
311 
248 
339 
332 
198 
225 
233 
188 
186 
259 
218 
229 
329 
338 
303 
249 
279 
408 
431 
358 
396 
537 
377 
505 
463 
392 
519 
487 
363 
430 
397 
448 
415 
500 
420 
512 
376 
530 
439 
522 
438 
490 
429 
462 
481 
407 
491 
442 
433 
503 
386 
380 
544 
465 
387 
471 
495 
532 
449 
405 
499 
454 
393 
472 
353 
360 
354 
473 
390 
410 
528 
443 
501 
447 
400 
382 
406 
468 
502 
497 
492 
520 
467 
394 
460 
453 
413 
547 
372 
538 
436 
409 
422 
381 
356 
369 
366 
536 
374 
517 
484 
419 
539 
496 
486 
388 
370 
391 
527 
494 
535 
477 
355 
549 
432 
417 
510 
606 
733 
667 
582 
725 
712 
703 
578 
711 
701 
672 
665 
714 
551 
660 
612 
630 
679 
732 
647 
629 
596 
628 
718 
567 
577 
713 
633 
650 
613 
618 
583 
570 
557 
607 
610 
734 
556 
560 
553 
620 
720 
677 
581 
621 
625 
702 
573 
663 
579 
651 
691 
699 
731 
561 
675 
604 
707 
631 
666 
749 
636 
642 
656 
723 
587 
683 
555 
637 
674 
616 
580 
728 
743 
589 
695 
690 
724 
747 
627 
730 
698 
590 
722 
661 
735 
594 
598 
648 
671 
716 
748 
745 
568 
694 
609 
662 
584 
649 
569 
834 
899 
882 
810 
822 
803 
768 
779 
897 
857 
800 
901 
886 
795 
854 
824 
905 
869 
783 
852 
843 
753 
892 
796 
769 
756 
757 
782 
853 
890 
751 
777 
798 
806 
754 
787 
887 
833 
868 
883 
778 
775 
874 
815 
786 
785 
828 
878 
793 
902 
811 
891 
784 
792 
805 
855 
885 
894 
827 
770 
801 
772 
888 
755 
807 
812 
764 
821 
817 
860 
758 
835 
858 
847 
797 
879 
884 
875 
