082 
027 
090 
076 
032 
108 
112 
034 
071 
085 
153 
063 
037 
147 
008 
040 
136 
111 
125 
053 
052 
011 
167 
154 
094 
121 
075 
089 
057 
033 
105 
035 
013 
159 
129 
020 
006 
050 
061 
031 
003 
062 
149 
165 
173 
164 
030 
021 
022 
127 
162 
109 
151 
058 
045 
043 
170 
016 
038 
086 
130 
144 
051 
166 
134 
048 
025 
175 
029 
100 
139 
004 
143 
007 
012 
080 
005 
117 
028 
171 
110 
135 
176 
073 
177 
097 
095 
092 
124 
296 
193 
192 
284 
188 
213 
189 
339 
264 
232 
199 
269 
182 
185 
327 
336 
202 
332 
229 
187 
281 
314 
280 
329 
321 
271 
251 
223 
338 
263 
318 
317 
203 
311 
200 
198 
241 
342 
316 
320 
238 
323 
256 
274 
259 
226 
245 
326 
248 
272 
252 
270 
211 
212 
277 
298 
227 
196 
190 
219 
260 
307 
276 
305 
345 
236 
204 
309 
294 
268 
235 
315 
322 
231 
308 
282 
214 
275 
341 
183 
191 
209 
349 
288 
234 
273 
511 
424 
418 
514 
353 
366 
475 
361 
362 
512 
393 
541 
498 
354 
434 
476 
426 
447 
519 
444 
497 
508 
455 
549 
357 
383 
376 
433 
487 
520 
384 
501 
364 
542 
410 
375 
371 
489 
446 
387 
398 
422 
355 
534 
395 
368 
429 
521 
479 
496 
407 
370 
506 
372 
351 
544 
442 
430 
482 
513 
539 
466 
440 
490 
526 
435 
396 
472 
437 
438 
360 
524 
536 
488 
527 
423 
504 
510 
365 
477 
502 
449 
378 
386 
517 
356 
503 
390 
518 
528 
548 
436 
467 
457 
530 
367 
538 
456 
406 
450 
665 
656 
705 
662 
718 
584 
693 
550 
744 
580 
658 
715 
649 
702 
631 
679 
601 
616 
653 
730 
573 
704 
557 
611 
675 
597 
604 
647 
650 
686 
728 
642 
709 
628 
638 
712 
722 
585 
581 
723 
569 
680 
592 
646 
738 
555 
724 
570 
591 
710 
703 
560 
590 
682 
615 
726 
678 
639 
609 
689 
684 
706 
700 
595 
676 
637 
633 
556 
736 
554 
635 
551 
673 
668 
640 
677 
636 
588 
667 
552 
720 
645 
594 
598 
696 
614 
648 
625 
666 
721 
562 
586 
731 
564 
643 
672 
652 
747 
717 
681 
877 
792 
896 
812 
852 
842 
809 
791 
754 
804 
872 
824 
859 
773 
813 
822 
790 
823 
803 
891 
794 
905 
837 
777 
846 
753 
835 
855 
821 
756 
871 
873 
750 
825 
787 
901 
870 
898 
876 
767 
857 
854 
770 
798 
762 
839 
888 
796 
868 
766 
867 
882 
899 
776 
785 
830 
765 
771 
887 
858 
826 
768 
788 
755 
827 
836 
807 
832 
890 
841 
806 
838 
761 
784 
885 
886 
864 
904 
