147 
171 
013 
050 
079 
139 
045 
039 
038 
164 
004 
022 
176 
132 
023 
049 
148 
127 
044 
150 
011 
077 
068 
165 
071 
041 
091 
055 
102 
157 
143 
159 
052 
064 
151 
153 
172 
070 
076 
112 
170 
065 
048 
053 
043 
118 
155 
020 
138 
016 
028 
140 
090 
107 
047 
126 
057 
137 
072 
054 
105 
133 
122 
009 
078 
145 
015 
106 
095 
154 
084 
018 
128 
081 
168 
056 
146 
111 
074 
156 
037 
003 
040 
019 
080 
025 
101 
059 
042 
187 
252 
322 
342 
258 
248 
272 
281 
188 
332 
255 
208 
229 
242 
211 
293 
267 
278 
346 
186 
309 
284 
347 
179 
341 
321 
239 
261 
237 
183 
254 
238 
189 
259 
330 
268 
301 
316 
181 
270 
256 
223 
250 
308 
244 
282 
178 
213 
273 
219 
182 
227 
337 
221 
269 
263 
292 
345 
276 
226 
328 
277 
192 
204 
327 
240 
197 
222 
251 
312 
287 
184 
333 
314 
274 
349 
180 
299 
216 
224 
271 
203 
348 
336 
235 
265 
465 
466 
399 
377 
476 
518 
428 
488 
478 
369 
509 
481 
423 
462 
425 
460 
524 
472 
449 
546 
411 
473 
401 
430 
457 
374 
517 
483 
521 
492 
435 
391 
370 
408 
549 
489 
352 
373 
544 
361 
438 
402 
389 
383 
504 
486 
358 
419 
537 
453 
506 
452 
471 
427 
441 
497 
516 
385 
522 
503 
418 
386 
495 
350 
403 
491 
381 
412 
446 
459 
353 
404 
502 
398 
525 
542 
477 
434 
475 
508 
527 
499 
512 
362 
409 
493 
371 
496 
531 
378 
388 
426 
467 
463 
384 
532 
474 
487 
494 
540 
669 
676 
596 
711 
683 
685 
652 
606 
609 
550 
632 
664 
639 
569 
693 
601 
623 
747 
653 
748 
667 
608 
637 
575 
579 
743 
735 
618 
647 
744 
568 
642 
658 
597 
552 
628 
563 
713 
641 
696 
595 
574 
559 
695 
660 
602 
554 
631 
657 
691 
603 
561 
636 
729 
566 
565 
604 
585 
734 
567 
724 
689 
686 
718 
722 
584 
698 
708 
589 
670 
572 
710 
671 
723 
553 
573 
707 
712 
662 
617 
692 
715 
638 
578 
655 
736 
649 
650 
739 
697 
558 
619 
605 
592 
688 
610 
682 
656 
611 
659 
775 
757 
894 
842 
843 
892 
792 
758 
872 
782 
809 
902 
819 
755 
890 
822 
881 
812 
817 
841 
849 
773 
891 
804 
852 
825 
895 
880 
797 
818 
869 
756 
897 
800 
857 
781 
862 
780 
893 
874 
860 
850 
816 
861 
827 
760 
903 
813 
765 
844 
864 
839 
851 
802 
883 
791 
772 
786 
886 
777 
789 
896 
859 
774 
783 
807 
888 
831 
770 
778 
840 
752 
899 
877 
826 
835 
885 
810 
