101 
130 
167 
100 
147 
143 
118 
134 
160 
158 
171 
092 
116 
151 
098 
164 
155 
166 
154 
168 
115 
093 
161 
125 
128 
165 
103 
127 
099 
131 
124 
146 
169 
150 
120 
105 
136 
111 
137 
122 
119 
159 
123 
106 
121 
300 
308 
299 
306 
295 
305 
285 
271 
275 
292 
277 
286 
291 
269 
289 
276 
303 
279 
408 
431 
537 
505 
519 
430 
448 
415 
500 
420 
512 
530 
439 
522 
438 
429 
407 
442 
433 
503 
544 
532 
449 
405 
410 
528 
443 
501 
447 
400 
406 
502 
520 
413 
547 
538 
436 
409 
422 
536 
517 
419 
539 
527 
535 
549 
432 
417 
510 
733 
667 
725 
712 
703 
711 
701 
672 
665 
714 
660 
679 
732 
718 
713 
650 
734 
720 
677 
702 
663 
651 
691 
699 
731 
675 
707 
666 
749 
656 
723 
683 
674 
728 
743 
695 
690 
724 
747 
730 
698 
722 
661 
735 
671 
716 
748 
745 
694 
662 
834 
899 
882 
897 
857 
901 
886 
854 
905 
869 
852 
843 
892 
853 
890 
887 
833 
868 
883 
874 
878 
902 
891 
855 
885 
894 
888 
860 
835 
858 
847 
879 
884 
875 
