082 
027 
090 
076 
032 
034 
071 
085 
063 
037 
008 
040 
053 
052 
011 
075 
089 
057 
033 
035 
013 
020 
006 
050 
061 
031 
003 
062 
030 
021 
022 
058 
045 
043 
016 
038 
086 
051 
048 
025 
029 
004 
007 
012 
080 
005 
028 
073 
193 
192 
188 
213 
189 
339 
264 
232 
199 
182 
185 
327 
336 
202 
332 
229 
187 
314 
329 
321 
251 
223 
338 
263 
318 
317 
203 
311 
200 
198 
241 
342 
316 
320 
238 
323 
256 
259 
226 
245 
326 
248 
252 
211 
212 
227 
196 
190 
219 
260 
345 
236 
204 
309 
235 
315 
322 
231 
214 
341 
183 
191 
209 
349 
234 
353 
366 
475 
361 
362 
393 
498 
354 
476 
497 
455 
357 
383 
376 
487 
384 
364 
375 
371 
489 
387 
398 
355 
395 
368 
479 
496 
370 
372 
351 
482 
466 
490 
396 
472 
360 
488 
365 
477 
378 
386 
356 
390 
467 
457 
367 
456 
450 
584 
550 
580 
649 
631 
601 
616 
573 
557 
611 
597 
604 
647 
642 
628 
638 
585 
581 
569 
592 
646 
555 
570 
591 
560 
590 
615 
639 
609 
595 
637 
633 
556 
554 
635 
551 
640 
636 
588 
552 
645 
594 
598 
614 
648 
625 
562 
586 
564 
643 
792 
812 
809 
791 
754 
804 
824 
773 
813 
822 
790 
823 
803 
794 
777 
753 
821 
756 
750 
825 
787 
767 
770 
798 
762 
796 
766 
776 
785 
830 
765 
771 
826 
768 
788 
755 
827 
807 
832 
806 
761 
784 
