074 
028 
083 
054 
049 
085 
044 
027 
032 
080 
079 
041 
010 
056 
048 
020 
015 
012 
073 
008 
051 
053 
077 
089 
082 
076 
003 
025 
033 
035 
086 
055 
047 
017 
062 
019 
021 
026 
050 
006 
039 
002 
045 
204 
201 
258 
243 
184 
179 
219 
342 
310 
322 
321 
252 
183 
317 
315 
182 
220 
221 
180 
191 
247 
347 
185 
195 
262 
261 
264 
341 
259 
238 
324 
245 
209 
345 
249 
325 
178 
203 
188 
213 
196 
314 
330 
253 
311 
248 
256 
225 
265 
237 
194 
215 
328 
348 
338 
205 
223 
200 
318 
336 
187 
251 
333 
260 
362 
476 
392 
353 
388 
382 
391 
376 
468 
491 
471 
459 
454 
465 
398 
357 
496 
494 
470 
356 
364 
481 
466 
455 
489 
498 
456 
452 
359 
474 
399 
463 
375 
355 
395 
467 
389 
372 
462 
368 
397 
386 
482 
377 
393 
450 
380 
367 
488 
366 
460 
373 
622 
641 
590 
609 
649 
570 
619 
627 
584 
556 
552 
606 
642 
615 
588 
573 
616 
580 
613 
576 
625 
565 
618 
568 
575 
572 
591 
598 
628 
574 
569 
605 
593 
617 
562 
603 
550 
620 
587 
637 
555 
644 
557 
589 
579 
795 
816 
762 
800 
766 
826 
796 
767 
827 
780 
832 
758 
775 
777 
754 
757 
750 
772 
761 
817 
760 
805 
810 
788 
778 
821 
769 
763 
764 
785 
798 
815 
768 
802 
783 
787 
797 
779 
828 
790 
819 
755 
781 
804 
765 
811 
