023 
076 
037 
020 
048 
054 
062 
056 
049 
073 
086 
035 
039 
074 
029 
064 
040 
010 
038 
013 
081 
085 
005 
018 
071 
072 
070 
079 
082 
043 
009 
026 
006 
024 
069 
047 
068 
012 
011 
067 
025 
032 
080 
007 
235 
205 
178 
336 
195 
203 
180 
184 
242 
253 
346 
331 
342 
239 
347 
237 
193 
246 
208 
192 
230 
345 
337 
212 
222 
340 
315 
333 
327 
199 
349 
224 
252 
251 
323 
260 
190 
183 
316 
318 
187 
191 
321 
185 
217 
319 
209 
201 
238 
310 
313 
314 
182 
311 
248 
339 
332 
198 
225 
233 
188 
186 
259 
218 
229 
329 
338 
249 
358 
396 
377 
463 
392 
487 
363 
397 
376 
490 
462 
481 
491 
386 
380 
465 
387 
471 
495 
499 
454 
393 
472 
353 
360 
354 
473 
390 
382 
468 
497 
492 
467 
394 
460 
453 
372 
381 
356 
369 
366 
374 
484 
496 
486 
388 
370 
391 
494 
477 
355 
606 
582 
578 
551 
612 
630 
647 
629 
596 
628 
567 
577 
633 
613 
618 
583 
570 
557 
607 
610 
556 
560 
553 
620 
581 
621 
625 
573 
579 
561 
604 
631 
636 
642 
587 
555 
637 
616 
580 
589 
627 
590 
594 
598 
648 
568 
609 
584 
649 
569 
810 
822 
803 
768 
779 
800 
795 
824 
783 
753 
796 
769 
756 
757 
782 
751 
777 
798 
806 
754 
787 
778 
775 
815 
786 
785 
828 
793 
811 
784 
792 
805 
827 
770 
801 
772 
755 
807 
812 
764 
821 
817 
758 
797 
